# NOTE: In general, the data presented for the last year are subject to change, 
# depending on recalibration of the reference gas mixtures used, and other quality
# control procedures. Occasionally, earlier years may also be changed for the same
# reasons.  Usually these changes are minor.
#
# CO2 expressed as a mole fraction in dry air, micromol/mol, abbreviated as ppm
#
#  (-99.99 missing data;  -1 no data for #daily means in month)

year         decimal    average   interpolated    trend    #days
             date                             (season corr)
2000   1    2000.042      369.29      369.29      369.08     26
2000   2    2000.125      369.55      369.55      368.83     19
2000   3    2000.208      370.60      370.60      369.09     30
2000   4    2000.292      371.82      371.82      369.28     27
2000   5    2000.375      371.58      371.58      368.71     28
2000   6    2000.458      371.70      371.70      369.50     28
2000   7    2000.542      369.86      369.86      369.20     25
2000   8    2000.625      368.13      368.13      369.72     27
2000   9    2000.708      367.00      367.00      370.30     26
2000  10    2000.792      367.03      367.03      370.26     30
2000  11    2000.875      368.37      368.37      370.32     25
2000  12    2000.958      369.67      369.67      370.30     30
2001   1    2001.042      370.59      370.59      370.43     30
2001   2    2001.125      371.51      371.51      370.78     26
2001   3    2001.208      372.43      372.43      370.87     26
2001   4    2001.292      373.37      373.37      370.81     29
2001   5    2001.375      373.85      373.85      370.94     24
2001   6    2001.458      373.22      373.22      370.99     26
2001   7    2001.542      371.51      371.51      370.90     25
2001   8    2001.625      369.61      369.61      371.22     27
2001   9    2001.708      368.18      368.18      371.44     28
2001  10    2001.792      368.45      368.45      371.69     31
2001  11    2001.875      369.76      369.76      371.74     24
2001  12    2001.958      371.24      371.24      371.92     29
2002   1    2002.042      372.53      372.53      372.30     28
2002   2    2002.125      373.20      373.20      372.33     28
2002   3    2002.208      374.12      374.12      372.44     24
2002   4    2002.292      375.02      375.02      372.37     29
2002   5    2002.375      375.76      375.76      372.81     29
2002   6    2002.458      375.52      375.52      373.30     28
2002   7    2002.542      374.01      374.01      373.42     26
2002   8    2002.625      371.85      371.85      373.52     28
2002   9    2002.708      370.75      370.75      374.11     23
2002  10    2002.792      370.55      370.55      373.88     31
2002  11    2002.875      372.25      372.25      374.34     29
2002  12    2002.958      373.79      373.79      374.54     31
2003   1    2003.042      374.88      374.88      374.63     30
2003   2    2003.125      375.64      375.64      374.77     27
2003   3    2003.208      376.45      376.45      374.80     28
2003   4    2003.292      377.73      377.73      375.06     27
2003   5    2003.375      378.60      378.60      375.55     30
2003   6    2003.458      378.28      378.28      376.04     25
2003   7    2003.542      376.70      376.70      376.19     29
2003   8    2003.625      374.38      374.38      376.08     23
2003   9    2003.708      373.17      373.17      376.48     25
2003  10    2003.792      373.15      373.15      376.47     30
2003  11    2003.875      374.66      374.66      376.81     26
2003  12    2003.958      375.99      375.99      376.75     27
2004   1    2004.042      377.00      377.00      376.78     30
2004   2    2004.125      377.87      377.87      377.02     29
2004   3    2004.208      378.88      378.88      377.23     28
2004   4    2004.292      380.35      380.35      377.62     26
2004   5    2004.375      380.62      380.62      377.48     28
2004   6    2004.458      379.69      379.69      377.39     21
2004   7    2004.542      377.47      377.47      376.94     25
2004   8    2004.625      376.01      376.01      377.74     16
2004   9    2004.708      374.25      374.25      377.62     15
2004  10    2004.792      374.46      374.46      377.82     29
2004  11    2004.875      376.16      376.16      378.31     29
2004  12    2004.958      377.51      377.51      378.32     30
2005   1    2005.042      378.46      378.46      378.21     31
2005   2    2005.125      379.73      379.73      378.93     24
2005   3    2005.208      380.77      380.77      379.27     26
2005   4    2005.292      382.29      382.29      379.65     26
2005   5    2005.375      382.45      382.45      379.31     31
2005   6    2005.458      382.21      382.21      379.88     28
2005   7    2005.542      380.74      380.74      380.18     29
2005   8    2005.625      378.74      378.74      380.42     26
2005   9    2005.708      376.70      376.70      380.01     26
2005  10    2005.792      377.00      377.00      380.31     14
2005  11    2005.875      378.35      378.35      380.50     23
2005  12    2005.958      380.11      380.11      380.90     26
2006   1    2006.042      381.38      381.38      381.14     24
2006   2    2006.125      382.20      382.20      381.39     25
2006   3    2006.208      382.67      382.67      381.14     30
2006   4    2006.292      384.61      384.61      381.91     25
2006   5    2006.375      385.03      385.03      381.87     24
2006   6    2006.458      384.05      384.05      381.75     28
2006   7    2006.542      382.46      382.46      381.91     24
2006   8    2006.625      380.41      380.41      382.08     27
2006   9    2006.708      378.85      378.85      382.16     27
2006  10    2006.792      379.13      379.13      382.46     23
2006  11    2006.875      380.15      380.15      382.33     29
2006  12    2006.958      381.82      381.82      382.64     27
2007   1    2007.042      382.89      382.89      382.67     24
2007   2    2007.125      383.90      383.90      383.01     21
2007   3    2007.208      384.58      384.58      382.94     26
2007   4    2007.292      386.50      386.50      383.71     26
2007   5    2007.375      386.56      386.56      383.34     29
2007   6    2007.458      386.10      386.10      383.84     26
2007   7    2007.542      384.50      384.50      384.02     27
2007   8    2007.625      381.99      381.99      383.70     22
2007   9    2007.708      380.96      380.96      384.32     21
2007  10    2007.792      381.12      381.12      384.47     29
2007  11    2007.875      382.45      382.45      384.65     30
2007  12    2007.958      383.94      383.94      384.83     21
2008   1    2008.042      385.52      385.52      385.28     31
2008   2    2008.125      385.82      385.82      384.96     26
2008   3    2008.208      386.03      386.03      384.48     30
2008   4    2008.292      387.21      387.21      384.58     24
2008   5    2008.375      388.54      388.54      385.45     25
2008   6    2008.458      387.76      387.76      385.46     23
2008   7    2008.542      386.36      386.36      385.80     10
2008   8    2008.625      384.09      384.09      385.75     25
2008   9    2008.708      383.18      383.18      386.46     27
2008  10    2008.792      382.99      382.99      386.27     23
2008  11    2008.875      384.19      384.19      386.36     28
2008  12    2008.958      385.56      385.56      386.41     29
2009   1    2009.042      386.94      386.94      386.63     30
2009   2    2009.125      387.48      387.48      386.59     26
2009   3    2009.208      388.82      388.82      387.32     28
2009   4    2009.292      389.55      389.55      386.92     29
2009   5    2009.375      390.14      390.14      387.02     30
2009   6    2009.458      389.48      389.48      387.24     29
2009   7    2009.542      388.03      388.03      387.55     22
2009   8    2009.625      386.11      386.11      387.80     27
2009   9    2009.708      384.74      384.74      388.01     28
2009  10    2009.792      384.43      384.43      387.68     30
2009  11    2009.875      386.02      386.02      388.16     30
2009  12    2009.958      387.42      387.42      388.23     20
2010   1    2010.042      388.70      388.70      388.41     30
2010   2    2010.125      390.20      390.20      389.26     20
2010   3    2010.208      391.17      391.17      389.65     25
2010   4    2010.292      392.46      392.46      389.89     26
2010   5    2010.375      393.00      393.00      389.88     28
2010   6    2010.458      392.15      392.15      389.89     28
2010   7    2010.542      390.20      390.20      389.72     29
2010   8    2010.625      388.35      388.35      390.01     26
2010   9    2010.708      386.85      386.85      390.14     29
2010  10    2010.792      387.24      387.24      390.53     31
2010  11    2010.875      388.67      388.67      390.79     28
2010  12    2010.958      389.79      389.79      390.60     29
2011   1    2011.042      391.33      391.33      391.03     29
2011   2    2011.125      391.86      391.86      390.94     28
2011   3    2011.208      392.60      392.60      391.07     29
2011   4    2011.292      393.25      393.25      390.63     28
2011   5    2011.375      394.19      394.19      391.02     30
2011   6    2011.458      393.74      393.74      391.44     28
2011   7    2011.542      392.51      392.51      392.04     26
2011   8    2011.625      390.13      390.13      391.83     27
2011   9    2011.708      389.08      389.08      392.40     26
2011  10    2011.792      389.00      389.00      392.33     31
2011  11    2011.875      390.28      390.28      392.44     28
2011  12    2011.958      391.86      391.86      392.66     28
2012   1    2012.042      393.12      393.12      392.89     30
2012   2    2012.125      393.86      393.86      393.04     26
2012   3    2012.208      394.40      394.40      392.80     30
2012   4    2012.292      396.18      396.18      393.43     29
2012   5    2012.375      396.74      396.74      393.54     30
2012   6    2012.458      395.71      395.71      393.45     28
2012   7    2012.542      394.36      394.36      393.92     26
2012   8    2012.625      392.39      392.39      394.17     30
2012   9    2012.708      391.11      391.11      394.54     27
2012  10    2012.792      391.05      391.05      394.41     28
2012  11    2012.875      392.98      392.98      395.02     29
2012  12    2012.958      394.34      394.34      395.04     29
2013   1    2013.042      395.55      395.55      395.40     28
2013   2    2013.125      396.80      396.80      396.01     25
2013   3    2013.208      397.43      397.43      395.84     30
2013   4    2013.292      398.41      398.41      395.53     22
2013   5    2013.375      399.78      399.78      396.40     28
2013   6    2013.458      398.60      398.60      396.28     26
2013   7    2013.542      397.32      397.32      396.92     21
2013   8    2013.625      395.20      395.20      397.08     27
2013   9    2013.708      393.45      393.45      396.99     27
2013  10    2013.792      393.70      393.70      397.04     28
2013  11    2013.875      395.16      395.16      397.15     30
2013  12    2013.958      396.84      396.84      397.59     30
2014   1    2014.042      397.85      397.85      397.55     31
2014   2    2014.125      398.01      398.01      397.21     26
2014   3    2014.208      399.77      399.77      398.24     24
2014   4    2014.292      401.38      401.38      398.49     28
2014   5    2014.375      401.78      401.78      398.37     22
2014   6    2014.458      401.25      401.25      398.93     28
2014   7    2014.542      399.10      399.10      398.67     25
2014   8    2014.625      397.03      397.03      398.92     21
2014   9    2014.708      395.38      395.38      398.97     21
2014  10    2014.792      396.03      396.03      399.44     24
2014  11    2014.875      397.28      397.28      399.36     27
2014  12    2014.958      398.91      398.91      399.64     29
2015   1    2015.042      399.98      399.98      399.73     30
2015   2    2015.125      400.28      400.28      399.52     27
2015   3    2015.208      401.54      401.54      400.03     24
2015   4    2015.292      403.28      403.28      400.38     27
2015   5    2015.375      403.96      403.96      400.51     30
2015   6    2015.458      402.80      402.80      400.48     28
2015   7    2015.542      401.31      401.31      400.94     23
2015   8    2015.625      398.93      398.93      400.85     28
2015   9    2015.708      397.63      397.63      401.26     25
2015  10    2015.792      398.29      398.29      401.69     28
2015  11    2015.875      400.16      400.16      402.11     27
2015  12    2015.958      401.85      401.85      402.51     30
2016   1    2016.042      402.56      402.56      402.28     27
2016   2    2016.125      404.12      404.12      403.30     25
2016   3    2016.208      404.87      404.87      403.37     28
2016   4    2016.292      407.45      407.45      404.60     25
2016   5    2016.375      407.72      407.72      404.23     29
2016   6    2016.458      406.83      406.83      404.43     26
2016   7    2016.542      404.41      404.41      404.05     28
2016   8    2016.625      402.27      402.27      404.22     23
2016   9    2016.708      401.05      401.05      404.68     24
2016  10    2016.792      401.59      401.59      405.02     29
2016  11    2016.875      403.55      403.55      405.56     27
2016  12    2016.958      404.45      404.45      405.14     30
2017   1    2017.042      406.17      406.17      405.86     26
2017   2    2017.125      406.46      406.46      405.61     26
2017   3    2017.208      407.22      407.22      405.73     23
2017   4    2017.292      409.04      409.04      406.22     25
2017   5    2017.375      409.69      409.69      406.23     27
2017   6    2017.458      408.88      408.88      406.54     26
2017   7    2017.542      407.12      407.12      406.77     28
2017   8    2017.625      405.13      405.13      407.04     29
2017   9    2017.708      403.37      403.37      406.98     26
2017  10    2017.792      403.63      403.63      407.05     27
2017  11    2017.875      405.12      405.12      407.12     26
2017  12    2017.958      406.81      406.81      407.49     31
2018   1    2018.042      407.96      407.96      407.65     29
2018   2    2018.125      408.32      408.32      407.47     28
2018   3    2018.208      409.41      409.41      407.92     30
2018   4    2018.292      410.24      410.24      407.42     21
2018   5    2018.375      411.24      411.24      407.78     24
2018   6    2018.458      410.79      410.79      408.45     29
2018   7    2018.542      408.71      408.71      408.36     27
2018   8    2018.625      406.99      406.99      408.90     30
2018   9    2018.708      405.51      405.51      409.12     29
2018  10    2018.792      406.00      406.00      409.42     30
2018  11    2018.875      408.02      408.02      410.02     24
2018  12    2018.958      409.07      409.07      409.75     30
2019   1    2019.042      410.83      410.83      410.52     26
2019   2    2019.125      411.75      411.75      410.89     27
2019   3    2019.208      411.97      411.97      410.48     28
2019   4    2019.292      413.33      413.33      410.50     27
2019   5    2019.375      414.65      414.65      411.19     28
2019   6    2019.458      413.93      413.93      411.59     27
2019   7    2019.542      411.74      411.74      411.39     25
2019   8    2019.625      409.95      409.95      411.86     29
2019   9    2019.708      408.54      408.54      412.15     29
2019  10    2019.792      408.52      408.52      411.95     29
2019  11    2019.875      410.25      410.25      412.25     26
2019  12    2019.958      411.76      411.76      412.43     31
2020   1    2020.042      413.39      413.39      413.07     29
2020   2    2020.125      414.11      414.11      413.26     28
2020   3    2020.208      414.51      414.51      413.02     26
2020   4    2020.292      416.21      416.21      413.38     28
2020   5    2020.375      417.07      417.07      413.61     27
